StartDate: 2016-01-31
EndDate: 2026-03-31
CAGR: 0.10427921963120546
AnnualVol: 0.14096482808037114
Sharpe: 0.6299360412179095
MaxDrawdown: -0.256255356406765
Beta_vs_ISF: 0.7874514469509799
AvgMonthlyTurnover: 0.24878048780487808