Sharpe: 3.5211369354539577
MaxDrawdown: -0.2562553579209378
Beta: 0.7874513386889739
StartDate: 2016-01-31
EndDate: 2026-03-31